1.000000000 0.000000000 0.000000000 0.000000000 0.000000000 1.000000000 0.000000000 0.000000000 0.000000000 0.000000000 1.000000000 0.000000000
0.999990331 0.002480706 0.003630898 -0.004406740 -0.002488079 0.999994849 0.002027500 0.006187534 -0.003625850 -0.002036514 0.999991353 -0.681280094
0.999971699 0.001173214 0.007431363 0.004754250 -0.001201004 0.999992299 0.003736266 0.009755392 -0.007426922 -0.003745085 0.999965407 -1.369910747
0.999938787 0.000902592 0.011027607 0.019115942 -0.000961554 0.999985266 0.005342662 0.004954813 -0.011022622 -0.005352939 0.999924921 -2.070141782
0.999821243 -0.010994448 0.015381938 0.013553704 0.010892273 0.999918160 0.006710634 0.026557521 -0.015454459 -0.006541890 0.999859172 -2.791191176
0.999752256 -0.009613211 0.020075201 -0.003846421 0.009479725 0.999932392 0.006733919 0.030693989 -0.020138579 -0.006541944 0.999775795 -3.526025060
0.999621290 -0.011770760 0.024874199 -0.022253196 0.011571349 0.999899872 0.008145548 0.027058818 -0.024967588 -0.007854635 0.999657403 -4.287722492
0.999448866 -0.014295391 0.029960076 -0.032739481 0.014042149 0.999864022 0.008646072 0.033217211 -0.030079601 -0.008220603 0.999513701 -5.059144271
0.999297817 -0.014806577 0.034418571 -0.051305362 0.014573378 0.999869185 0.007016444 0.048608658 -0.034517958 -0.006509923 0.999382875 -5.842933943
0.998750304 -0.032867340 0.037650617 -0.063342453 0.032674447 0.999449638 0.005727307 0.099038434 -0.037818137 -0.004489936 0.999274551 -6.604049011
0.998628274 -0.032236980 0.041259510 -0.084933255 0.032143409 0.999478974 0.002929433 0.126134819 -0.041332449 -0.001599193 0.999144169 -7.411038522
0.998461029 -0.033800650 0.043966924 -0.098249097 0.033677634 0.999426493 0.003535852 0.132505372 -0.044061222 -0.002049708 0.999026730 -8.225936176
0.998355264 -0.033638662 0.046424219 -0.118145229 0.033514184 0.999432262 0.003457296 0.144899770 -0.046514161 -0.001895740 0.998915832 -9.052179593
0.998354537 -0.031284725 0.048057088 -0.124406466 0.031103904 0.999505999 0.004506036 0.134126276 -0.048174318 -0.003003859 0.998834427 -9.892259359
0.997799120 -0.044975979 0.048724514 -0.117841854 0.044774246 0.998983470 0.005224411 0.156847015 -0.048909957 -0.003031310 0.998798592 -10.708439909
0.997782831 -0.043684569 0.050210366 -0.128385091 0.043482594 0.999041124 0.005108402 0.172787913 -0.050385379 -0.002913799 0.998725600 -11.560307542
0.997591757 -0.045997505 0.051912586 -0.134673758 0.045673175 0.998928898 0.007417352 0.156524546 -0.052198162 -0.005028477 0.998624087 -12.410134105
0.997495280 -0.046009458 0.053724257 -0.160779118 0.045533988 0.998912320 0.010041577 0.125413907 -0.054127830 -0.007570146 0.998505318 -13.286273636
0.997208239 -0.050581430 0.054929469 -0.156660318 0.050003337 0.998678761 0.011849006 0.109962211 -0.055456233 -0.009069270 0.998419929 -14.152967552
0.997151873 -0.050568063 0.055955460 -0.159508370 0.050013604 0.998684991 0.011266228 0.129071968 -0.056451589 -0.008435607 0.998369700 -15.029582084
0.997174045 -0.048984621 0.056959901 -0.161914029 0.048465134 0.998770030 0.010466970 0.119182438 -0.057402563 -0.007676821 0.998321598 -15.891116632
0.996284419 -0.063779481 0.057875168 -0.186435121 0.063275318 0.997940828 0.010504224 0.163306644 -0.058425947 -0.006803125 0.998268564 -16.796067271
0.996271617 -0.063542213 0.058354541 -0.181136730 0.063040003 0.997956718 0.010408991 0.173582703 -0.058896717 -0.006691512 0.998241654 -17.693717061
0.996196366 -0.063403661 0.059772705 -0.195903665 0.062833130 0.997959180 0.011378597 0.162602364 -0.060372164 -0.007579611 0.998147159 -18.612524816
0.996247455 -0.061538138 0.060861042 -0.207528140 0.060920988 0.998071100 0.011946199 0.159812043 -0.061478794 -0.008193656 0.998074758 -19.540303026
0.995335596 -0.075045344 0.060623817 -0.208842730 0.074459192 0.997153370 0.011873766 0.203907948 -0.061342314 -0.007304382 0.998090059 -20.469452194
0.995239142 -0.076404479 0.060509552 -0.193549590 0.076018713 0.997068825 0.008655264 0.282204652 -0.060993488 -0.004014199 0.998130092 -21.400409100
0.995249330 -0.077193359 0.059329229 -0.144597111 0.077003879 0.997015751 0.005476826 0.356031764 -0.059574950 -0.000882227 0.998223445 -22.346991658
0.995490699 -0.075526681 0.057393280 -0.080576609 0.075495906 0.997142436 0.002707392 0.419399145 -0.057433755 0.001637774 0.998347976 -23.289437109
0.994467889 -0.089424749 0.055107467 -0.039997228 0.089383964 0.995992072 0.003209344 0.472516464 -0.055173595 0.001734134 0.998475271 -24.226388766
0.994499726 -0.090007975 0.053561731 0.008740229 0.089800101 0.995940010 0.006280006 0.405416806 -0.053909522 -0.001435616 0.998544792 -25.168936399
0.994459932 -0.091060705 0.052510875 0.049689462 0.090581584 0.995823352 0.011438031 0.272072596 -0.053333111 -0.006618146 0.998554845 -26.117989560
0.994724820 -0.088547293 0.051787149 0.071644324 0.087931340 0.996027331 0.014058257 0.199384984 -0.052826237 -0.009430383 0.998559190 -27.086324944
0.994948032 -0.086440265 0.051053842 0.102501882 0.085857781 0.996215959 0.013498317 0.208484066 -0.052027450 -0.009046755 0.998604677 -28.063372384
0.994083197 -0.096303854 0.050241077 0.087996746 0.095927014 0.995339491 0.009864359 0.365103694 -0.050956904 -0.004986517 0.998688404 -28.984027016
0.994465980 -0.092016854 0.050698257 0.098924084 0.091823529 0.995756401 0.006134233 0.483212373 -0.051047567 -0.001444994 0.998695178 -29.961353604
0.994976862 -0.085524372 0.052025234 0.048796810 0.085308437 0.996334284 0.006361194 0.487407522 -0.052378561 -0.001891049 0.998625511 -30.933014151
0.994977622 -0.084548809 0.053582000 -0.002962201 0.084132200 0.996404546 0.009987723 0.395628419 -0.054233798 -0.005429589 0.998513502 -31.907499950
0.993701263 -0.098041818 0.054273391 -0.047616316 0.097351540 0.995133585 0.015225823 0.300271538 -0.055502042 -0.009846321 0.998410023 -32.862946141
0.993447552 -0.099516464 0.056199947 -0.102889378 0.098744400 0.994978363 0.016358481 0.268788508 -0.057545669 -0.010701863 0.998285513 -33.862155454
0.993412312 -0.099525205 0.056804161 -0.109411596 0.098832495 0.994992774 0.014883450 0.326799462 -0.058001008 -0.009171306 0.998274396 -34.869983771
0.993127881 -0.101662567 0.057980467 -0.139616956 0.101149186 0.994802126 0.011729133 0.461149093 -0.058871505 -0.005783852 0.998248813 -35.862328836
0.993304477 -0.099448627 0.058789342 -0.152287218 0.098996157 0.995031710 0.010566746 0.481618520 -0.059548108 -0.004676077 0.998214485 -36.853272503
0.991696195 -0.114354729 0.058835817 -0.174970776 0.113974712 0.993435455 0.009785770 0.598726000 -0.059568636 -0.002998715 0.998219708 -37.828267418
0.991856959 -0.112863694 0.059004742 -0.182704224 0.112677543 0.993610456 0.006483225 0.730353105 -0.059359449 0.000218077 0.998236649 -38.847392696
0.991066507 -0.119225600 0.059769855 -0.210645495 0.119163003 0.992863940 0.004623358 0.838631166 -0.059894556 0.002540301 0.998201477 -39.840799012
0.991173398 -0.118063853 0.060301092 -0.229095601 0.118002950 0.993002670 0.004582615 0.862612595 -0.060420187 0.002573541 0.998169714 -40.817948995
0.991133767 -0.118388146 0.060316694 -0.216359367 0.118235344 0.992966811 0.006108724 0.815669422 -0.060615676 0.001077002 0.998160598 -41.848766047
0.988937497 -0.136379730 0.058336924 -0.147958846 0.136000420 0.990653745 0.010442373 0.733281683 -0.059215820 -0.002393008 0.998242335 -42.828677733
0.988913629 -0.135926871 0.059780592 -0.214211181 0.135528838 0.990715815 0.010682164 0.729695734 -0.060677571 -0.002461744 0.998154383 -43.825721366
0.989186467 -0.133386441 0.060976968 -0.253282323 0.133040163 0.991062961 0.009722235 0.764998014 -0.061728829 -0.001504717 0.998091823 -44.829324707
0.988938213 -0.135226019 0.060951899 -0.228920158 0.134948363 0.990814717 0.008668093 0.836076563 -0.061564190 -0.000346850 0.998103066 -45.807681098
0.988723845 -0.136343505 0.061932276 -0.310814052 0.135808180 0.990652560 0.012792288 0.640102446 -0.063097513 -0.004237130 0.997998372 -46.718904402
0.986601552 -0.151401637 0.060785867 -0.246836569 0.150532214 0.988428929 0.018662922 0.460811538 -0.062908106 -0.009262636 0.997976339 -47.692562525
0.986387301 -0.152680203 0.061064294 -0.250398688 0.151710639 0.988217736 0.020238287 0.393582674 -0.063434804 -0.010698686 0.997928637 -48.664111193
0.986572106 -0.151373162 0.061332255 -0.254994511 0.150625790 0.988450495 0.016658020 0.578839569 -0.063145475 -0.007196119 0.997978389 -49.636275519
0.986991144 -0.148538393 0.061520952 -0.251672985 0.148025087 0.988900195 0.012844339 0.784767721 -0.062745959 -0.003570605 0.998023144 -50.589224770
0.987289944 -0.146453365 0.061725027 -0.242463397 0.146001428 0.989214074 0.011794049 0.846591510 -0.062786543 -0.002632204 0.998023507 -51.515995948
0.985571183 -0.157691342 0.061505148 -0.292161659 0.157083254 0.987476989 0.014630368 0.795518437 -0.063042000 -0.004757841 0.997999534 -52.472538986
0.985894690 -0.155462247 0.061993148 -0.316085274 0.154741570 0.987820658 0.016290946 0.709171344 -0.063770740 -0.006468240 0.997943613 -53.433580023
0.986098033 -0.153640758 0.063286538 -0.378794789 0.153030993 0.988116451 0.014401161 0.827308882 -0.064747074 -0.004516155 0.997891487 -54.383226498
0.986421801 -0.151124016 0.064292783 -0.422676394 0.150789925 0.988514788 0.010045532 1.075015842 -0.065072488 -0.000214428 0.997880517 -55.329695475
0.986500337 -0.150402510 0.064777850 -0.447838322 0.150369368 0.988615058 0.005414722 1.339621120 -0.064854746 0.004398979 0.997885019 -56.268241958
0.984238021 -0.164731461 0.064335559 -0.451155965 0.164753795 0.986322078 0.004994561 1.457095336 -0.064278344 0.005683691 0.997915823 -57.142544750
0.983812560 -0.166712081 0.065726167 -0.530688636 0.166460171 0.986004044 0.009329307 1.229206819 -0.066361574 0.001762499 0.997794084 -58.073053515
0.983337314 -0.168849112 0.067362486 -0.625315362 0.168063577 0.985626026 0.017203821 0.787120215 -0.069299069 -0.005595978 0.997580234 -59.008454502
0.983032884 -0.170188056 0.068427878 -0.688517553 0.169077559 0.985362776 0.021748078 0.530058397 -0.071127547 -0.009809457 0.997418992 -59.925923098
0.982031242 -0.175633468 0.069047257 -0.728638659 0.174587740 0.984418803 0.020946137 0.612161480 -0.071650261 -0.008514956 0.997393471 -60.821884808
0.981616018 -0.177483494 0.070211126 -0.798443996 0.176599942 0.984106060 0.018647327 0.776223811 -0.072404788 -0.005905234 0.997357847 -61.707732563
0.978604535 -0.193589848 0.069685969 -0.802327982 0.192712354 0.981068088 0.019166539 0.861138471 -0.072077128 -0.005327115 0.997384835 -62.555082859
0.978344823 -0.194331282 0.071251391 -0.901787842 0.193445268 0.980923219 0.019198086 0.882509469 -0.073622933 -0.004999104 0.997273620 -63.442309979
0.977895902 -0.196038921 0.072721017 -0.988122587 0.195204167 0.980588441 0.018483579 0.952080289 -0.074932889 -0.003879571 0.997181032 -64.281910111
0.977733022 -0.196293912 0.074208072 -1.083566799 0.195489857 0.980540168 0.018019289 0.999889638 -0.076301072 -0.003111129 0.997079970 -65.107547561
0.977831037 -0.195039158 0.076198353 -1.217254693 0.194264841 0.980792697 0.017517318 1.042648408 -0.078151351 -0.002326316 0.996938792 -65.950883770
0.975257426 -0.207579639 0.076050297 -1.229334611 0.206829934 0.978216933 0.017692090 1.144178330 -0.078066206 -0.001524864 0.996947011 -66.785426822
0.974622370 -0.209996278 0.077542236 -1.327168508 0.209455344 0.977701051 0.015136498 1.343122904 -0.078991734 0.001489266 0.996874159 -67.581821322
0.974357265 -0.210698132 0.078957054 -1.423008027 0.210479604 0.977534377 0.011174887 1.628875194 -0.079537762 0.005730518 0.996815382 -68.372009117
0.973535844 -0.213874633 0.080533235 -1.525890270 0.213814646 0.976828353 0.009469185 1.784910205 -0.080692366 0.008000594 0.996706944 -69.141580108
0.972831050 -0.216679229 0.081546669 -1.582150379 0.216241522 0.976235640 0.014268140 1.464347885 -0.082700374 0.003753286 0.996567389 -69.899512878
0.972554071 -0.217287953 0.083213722 -1.703784990 0.216234131 0.976102946 0.021583293 0.964663460 -0.085914949 -0.002997273 0.996297966 -70.653131882
0.972562756 -0.216925375 0.084053960 -1.746576981 0.215345731 0.976149613 0.027534494 0.538359238 -0.088022171 -0.008678361 0.996080711 -71.355182001
0.972305267 -0.217954560 0.084369886 -1.760952015 0.216264441 0.975910247 0.028790283 0.455531457 -0.088612409 -0.009746738 0.996018495 -72.032674141
0.971809180 -0.219940772 0.084929234 -1.795226605 0.218592900 0.975496555 0.024972310 0.763689718 -0.088340604 -0.005703392 0.996073998 -72.689336604
0.968396640 -0.234631640 0.084592793 -1.796646466 0.233468693 0.972079617 0.023528443 1.009791423 -0.087751447 -0.003035096 0.996137777 -73.398609965
0.968988549 -0.231795239 0.085628023 -1.864626284 0.230367056 0.972747344 0.026336750 0.805465213 -0.089399165 -0.005794134 0.995979025 -74.032842440
0.970733821 -0.224143844 0.086228680 -1.902887972 0.222248098 0.974493538 0.031114729 0.415553728 -0.091003466 -0.011039960 0.995789380 -74.653412680
0.971580000 -0.220572452 0.085907487 -1.885273795 0.218236430 0.975238577 0.035813110 0.043596155 -0.091679681 -0.016047158 0.995659241 -75.251238529
0.971265154 -0.223123025 0.082825821 -1.654816327 0.220859923 0.974653203 0.035665496 0.087430152 -0.088684245 -0.016347749 0.995925628 -75.850519489
0.970535067 -0.227529267 0.079322866 -1.406794787 0.225579680 0.973670789 0.032848173 0.333162868 -0.084708279 -0.013986677 0.996307623 -76.420860204
0.971386693 -0.225495889 0.074562038 -1.026532824 0.223857599 0.974167591 0.029753660 0.565341138 -0.079345249 -0.012211030 0.996772402 -76.994325852
0.972871166 -0.221107983 0.068065806 -0.495713053 0.219873130 0.975202352 0.025222602 0.905178566 -0.071954853 -0.009572501 0.997361954 -77.545754882
0.974392811 -0.216747914 0.059824674 0.147318747 0.215803643 0.976191256 0.021895637 1.151653724 -0.063146157 -0.008424568 0.997968732 -78.090851859
0.974376787 -0.219901060 0.047258865 1.166924972 0.219056120 0.975454305 0.022434682 1.131096956 -0.051032274 -0.011507490 0.998630705 -78.594401209
0.973846132 -0.224884960 0.032410877 2.305837831 0.224201065 0.974261237 0.023429143 1.084294119 -0.036845523 -0.015549828 0.999199985 -79.086266174
0.973174513 -0.229599559 0.014676845 3.677192267 0.229237743 0.973102052 0.022857246 1.159701997 -0.019530082 -0.018879602 0.999631000 -79.516084632
0.970949612 -0.239103612 -0.009290485 5.552221093 0.239258135 0.970683742 0.022991695 1.230437958 0.003520725 -0.024546602 0.999692487 -79.862862198
0.971384316 -0.234885353 -0.035233252 7.608349633 0.235721837 0.971576451 0.021781071 1.319999072 0.029115744 -0.029463038 0.999141733 -80.162240500
0.970334704 -0.232981582 -0.064576661 9.941684758 0.234682238 0.971865745 0.020030477 1.465735884 0.058093112 -0.034591262 0.997711699 -80.358772216
0.967852740 -0.231783986 -0.097658887 12.583153656 0.234610634 0.971915832 0.018370263 1.605945450 0.090658286 -0.040691523 0.995050388 -80.442314842
0.963788803 -0.230005617 -0.134939097 15.569531291 0.234449899 0.971965115 0.017806197 1.656399807 0.127060570 -0.048797872 0.990693888 -80.356830361
0.957641272 -0.227818132 -0.176130898 18.879997066 0.234401394 0.971987054 0.017238165 1.713513862 0.167269786 -0.057793306 0.984215806 -80.068436277
0.948967412 -0.224533377 -0.221462444 22.541310083 0.233867503 0.972128208 0.016514808 1.787394400 0.211581763 -0.067464883 0.975029049 -79.543316318
0.936848775 -0.222206182 -0.270071815 26.470054946 0.235446218 0.971734723 0.017225190 1.754973623 0.258610617 -0.079724786 0.962686090 -78.728417978
0.920865565 -0.218944084 -0.322598976 30.718117528 0.237645232 0.971161300 0.019247703 1.598139009 0.309081470 -0.094388655 0.946340016 -77.586386844
0.901369763 -0.212285296 -0.377448676 35.167520853 0.237280948 0.971226807 0.020401985 1.513296202 0.362257231 -0.107951112 0.925805733 -76.082656466
0.874122377 -0.215719701 -0.435172473 39.832704490 0.249939786 0.968006905 0.022197634 1.438270356 0.416461491 -0.128170363 0.900073433 -74.144862203
0.845071382 -0.206553345 -0.493143057 44.572686937 0.250498075 0.967822256 0.023891303 1.293894596 0.472339997 -0.143721243 0.869620107 -71.784101865
0.812205145 -0.194203928 -0.550097842 49.238892634 0.249163605 0.968109463 0.026106813 1.108565499 0.527484881 -0.158268449 0.834692038 -69.041997254
0.776076822 -0.182404423 -0.603683189 53.622779336 0.248505128 0.968256725 0.026909414 1.049451830 0.579611911 -0.170902141 0.796770037 -66.052467479
0.736884418 -0.170077543 -0.654274395 57.774400904 0.246508691 0.968797205 0.025796157 1.151858798 0.629471858 -0.180293111 0.755817156 -62.782282091
0.693994952 -0.160462696 -0.701870878 61.677165361 0.246832310 0.968795216 0.022575214 1.427000117 0.676346670 -0.188911495 0.711946367 -59.302266399
0.651695189 -0.146847050 -0.744129911 65.130150560 0.245905030 0.968993346 0.024137333 1.283784276 0.717512436 -0.198715472 0.667598730 -55.782600361
0.606997097 -0.134811392 -0.783186065 68.323388216 0.251160579 0.967537053 0.028114297 0.958833020 0.753971411 -0.213770762 0.621151490 -52.131777971
0.562518533 -0.116728268 -0.818503153 71.252021492 0.248662891 0.968033171 0.032841228 0.553991968 0.788504703 -0.222005160 0.573562588 -48.367682757
0.516716950 -0.106036637 -0.849564491 73.818503644 0.250598049 0.967573666 0.031651514 0.665184653 0.818660009 -0.229254078 0.526534288 -44.652478578
0.469700743 -0.096967352 -0.877484214 76.144179953 0.253708155 0.966847110 0.028962692 0.899184248 0.845584641 -0.236228699 0.478730213 -40.887200701
0.424841942 -0.086290335 -0.901145550 78.126106972 0.255606003 0.966376409 0.027967964 0.995495587 0.868432436 -0.242220177 0.432613558 -37.249294682
0.384944197 -0.069058646 -0.920352579 79.760919717 0.253470948 0.966763624 0.033474980 0.522305850 0.887451657 -0.246168640 0.389654407 -33.878988372
0.350704693 -0.043782240 -0.935462096 81.068154483 0.246129647 0.968098421 0.046964282 -0.645928740 0.903563177 -0.246715549 0.350292767 -30.832470903
0.317968571 -0.032285188 -0.947551399 82.078969258 0.246416276 0.967888314 0.049711473 -0.878352152 0.915518982 -0.249298773 0.315713660 -28.234570603
0.285170600 -0.026043364 -0.958122890 82.999728844 0.250353513 0.966952395 0.048230523 -0.747224683 0.925203139 -0.253623359 0.282266442 -25.730863984
0.253018030 -0.027778690 -0.967062677 83.768815280 0.257599596 0.965437268 0.039665226 -0.001023569 0.932536500 -0.259150972 0.251428815 -23.443675396
0.223700165 -0.025524397 -0.974323735 84.422379993 0.261928589 0.964457040 0.034871658 0.417132664 0.938803308 -0.263004037 0.222434768 -21.341149579
0.198784364 -0.018187246 -0.979874482 84.947002339 0.263734138 0.963937821 0.035611549 0.353857247 0.943890397 -0.265505371 0.196412365 -19.496716583
0.177852210 -0.004583484 -0.984046535 85.374613008 0.264952014 0.963284442 0.043399475 -0.327153279 0.947717796 -0.268443804 0.172536670 -17.846807819
0.159945012 0.004398058 -0.987116128 85.676727176 0.273174553 0.960738867 0.048543723 -0.787479411 0.948574329 -0.277419333 0.152463952 -16.546895608
0.141447409 0.011032969 -0.989884288 85.965850810 0.279633374 0.958770245 0.050643797 -1.004405089 0.949630353 -0.283968118 0.132530380 -15.257352564
0.123959473 0.013408214 -0.992196689 86.216938566 0.280402609 0.958682222 0.047987235 -0.777462287 0.951844749 -0.284163013 0.115078045 -14.181616495
0.109033359 0.016006347 -0.993909213 86.418277891 0.276573129 0.959900902 0.045799157 -0.569429575 0.954787427 -0.279882217 0.100234294 -13.355329755
0.094859178 0.019347965 -0.995302664 86.600439548 0.273437583 0.960848759 0.044738685 -0.449799716 0.957200932 -0.276397029 0.085854863 -12.568846329
0.082422828 0.024878228 -0.996286882 86.749992651 0.270848263 0.961502309 0.046416905 -0.572606387 0.959086907 -0.273668384 0.072511514 -11.877683970
0.072722622 0.028575280 -0.996942763 86.830145006 0.272279672 0.961049558 0.047408089 -0.647489797 0.959466102 -0.274894889 0.062109576 -11.478476929
0.063452233 0.033925463 -0.997408080 86.936488077 0.272820499 0.960762960 0.050035085 -0.872298498 0.959970202 -0.275288208 0.051706993 -11.104293856
0.056457067 0.037952734 -0.997683411 87.012689568 0.273181033 0.960556197 0.051999195 -1.044500563 0.960304495 -0.275483907 0.043862219 -10.948927189
0.051406815 0.040535160 -0.997854819 87.068074969 0.273601180 0.960375941 0.053107884 -1.140516333 0.960468497 -0.275744363 0.038279401 -11.026861865
0.046461714 0.043823116 -0.997958338 87.123993147 0.274476833 0.960023177 0.054936032 -1.304217044 0.960470602 -0.276468867 0.032575893 -11.079928638
0.040487943 0.041725540 -0.998308422 87.177114171 0.275075012 0.960054070 0.051282744 -0.957575468 0.960569864 -0.276686034 0.027392961 -11.216105940
0.036766968 0.045147836 -0.998303492 87.227115463 0.275067812 0.959932723 0.053543131 -1.150902245 0.960721546 -0.276569776 0.022875099 -11.428946343
0.034654868 0.047426482 -0.998273394 87.246716634 0.274939052 0.959878815 0.055146869 -1.286132210 0.960836905 -0.276375448 0.020225082 -11.808818139
0.029991144 0.044294782 -0.998568227 87.301454039 0.274418164 0.960265694 0.050837662 -0.878865260 0.961142655 -0.275549939 0.016644174 -12.121861277
0.028147627 0.047120579 -0.998492545 87.330012571 0.273865763 0.960304346 0.053038722 -1.061996829 0.961355946 -0.274945837 0.014125575 -12.557332427
0.029124585 0.052210245 -0.998211325 87.323864779 0.273326089 0.960159476 0.058194762 -1.501832648 0.961480425 -0.274532096 0.013693824 -13.185361526
0.030561976 0.055218308 -0.998006465 87.316894078 0.273134293 0.960009295 0.061480175 -1.789874088 0.961490314 -0.274468746 0.014257767 -13.911675836
0.034038976 0.056587320 -0.997817229 87.265318792 0.273260262 0.959825079 0.063754590 -1.995244256 0.961337702 -0.274833938 0.017208397 -14.885260873
0.038579877 0.058268532 -0.997555197 87.209765006 0.272951066 0.959718813 0.066614685 -2.228524256 0.961254029 -0.274853740 0.021121376 -15.952400119
0.042844592 0.057489716 -0.997426325 87.142821730 0.272243004 0.959891658 0.067020528 -2.243041846 0.961274200 -0.274413806 0.025474993 -17.046268113
0.044748301 0.049564940 -0.997767962 87.069178732 0.271276722 0.960636518 0.059886733 -1.573827334 0.961460623 -0.273351051 0.029541037 -18.146373493
0.048493214 0.048746455 -0.997633295 87.011432087 0.269869804 0.961020934 0.060075398 -1.567025917 0.961674943 -0.272144351 0.033447798 -19.247857887
0.051547314 0.044568988 -0.997675538 86.954164202 0.267794718 0.961800112 0.056802592 -1.235672532 0.962096078 -0.270100261 0.037642873 -20.397452364
0.054783748 0.042731357 -0.997583466 86.895412528 0.266635915 0.962177341 0.055857440 -1.119610271 0.962239071 -0.269051660 0.041317967 -21.492252285
0.057593718 0.039139938 -0.997572568 86.842092408 0.267659164 0.962043888 0.053198962 -0.891457132 0.961790796 -0.270073366 0.044931521 -22.618078060
0.059451805 0.033558285 -0.997666941 86.752776655 0.270281344 0.961561533 0.048450107 -0.461415624 0.960944056 -0.272531208 0.048096390 -23.618364476
0.058586811 0.026373553 -0.997933876 86.753136603 0.275015080 0.960542494 0.041530983 0.074760442 0.959653214 -0.276880032 0.049021996 -24.543255586
0.054645263 0.015167617 -0.998390624 86.768571573 0.279343575 0.959726509 0.029869639 1.002251284 0.958634999 -0.280526241 0.048207531 -25.362559572
0.054150274 0.012437066 -0.998455341 86.766629010 0.278770451 0.959975986 0.027076605 1.271479007 0.958829903 -0.279806051 0.048515876 -26.210942004
0.053186610 0.009941894 -0.998535099 86.781241867 0.277140383 0.960521469 0.024325194 1.558020092 0.959356239 -0.278028174 0.048331580 -27.002551604
0.052876758 0.010851498 -0.998542084 86.810365660 0.276138218 0.960791074 0.025063857 1.521892203 0.959662302 -0.277060927 0.047807004 -27.757303073
0.052427133 0.006848761 -0.998601267 86.786045659 0.275296075 0.961129117 0.021044964 1.919239974 0.959928886 -0.276014337 0.048503807 -28.635610779
0.052575581 0.006115249 -0.998598224 86.777873388 0.275379656 0.961119413 0.020384304 1.988725592 0.959896793 -0.276065352 0.048847396 -29.471928484
0.052772895 0.003697320 -0.998599695 86.750483591 0.275996536 0.960987368 0.018143621 2.175492739 0.959708776 -0.276567548 0.049693638 -30.353150872
0.047339657 -0.008139657 -0.998845685 86.751360724 0.277314189 0.960764594 0.005313799 3.319110037 0.959612316 -0.277245634 0.047739509 -30.997871428
0.043650094 -0.010479234 -0.998991919 86.839672709 0.277021897 0.960861472 0.002024981 3.627841614 0.959871626 -0.276831027 0.044844671 -31.562517747
0.039508258 -0.011935719 -0.999147955 86.949115555 0.275763865 0.961225237 -0.000578457 3.903330925 0.960413134 -0.275506048 0.041267775 -32.065464632
0.033433203 -0.013238179 -0.999353277 87.131145149 0.272999004 0.962007541 -0.003610332 4.275202116 0.961433183 -0.272701745 0.035777003 -32.387994461
0.026287608 -0.013777746 -0.999559471 87.351634446 0.270949818 0.962573878 -0.006142181 4.575002910 0.962234461 -0.270668993 0.029036843 -32.610522914
0.020274615 -0.010434704 -0.999739995 87.555179282 0.271574973 0.962406590 -0.004537530 4.414579577 0.962203707 -0.271412365 0.022346227 -32.840114178
0.008461608 -0.017022510 -0.999819301 87.811342926 0.272464378 0.962062935 -0.014073783 5.246149110 0.962128663 -0.272296057 0.012778627 -32.804058270
-0.000532735 -0.013811622 -0.999904473 88.115286620 0.272981447 0.961925516 -0.013432461 5.180603254 0.962019150 -0.272962526 0.003257865 -32.756715322
-0.010413460 -0.010023959 -0.999895535 88.461032890 0.271805519 0.962271309 -0.012477507 5.152541291 0.962295859 -0.271907059 -0.007296006 -32.607027473
-0.021178688 -0.008167870 -0.999742341 88.809169990 0.271024513 0.962476297 -0.013604831 5.293213144 0.962339429 -0.271242813 -0.018170292 -32.437800385
-0.034025027 -0.010676779 -0.999363950 89.146909121 0.271449911 0.962254554 -0.019522287 5.812476985 0.961850947 -0.271941501 -0.029842526 -32.205799886
-0.045029560 -0.008148057 -0.998952425 89.503910818 0.271735803 0.962162027 -0.020096948 5.865460048 0.961317841 -0.272356096 -0.041111614 -31.978651631
-0.055696129 -0.005208630 -0.998434180 89.853601164 0.272308801 0.961997671 -0.020208880 5.868238282 0.960596616 -0.273007971 -0.052161190 -31.776505625
-0.068073979 -0.010791351 -0.997621912 90.098199568 0.273356602 0.961473911 -0.029053165 6.631117129 0.959500965 -0.274684301 -0.062501467 -31.613918610
-0.077716848 -0.006735155 -0.996952722 90.430051105 0.274324191 0.961233073 -0.027878619 6.501896272 0.958491695 -0.275654887 -0.072856388 -31.450596587
-0.086337773 -0.003700303 -0.996259051 90.707973356 0.275188732 0.960999183 -0.027417739 6.434426667 0.957505588 -0.276526452 -0.081952248 -31.390652294
-0.095837628 -0.000647368 -0.995396770 91.030240519 0.275876392 0.960808572 -0.027186482 6.399323348 0.956403349 -0.277211957 -0.091903021 -31.261067130
-0.104919656 0.002657831 -0.994477150 91.339571583 0.276325853 0.960696225 -0.026585473 6.332670912 0.955319784 -0.277589085 -0.101530345 -31.121693563
-0.113355405 0.006941142 -0.993530258 91.658270914 0.276308314 0.960748685 -0.024812881 6.179978808 0.954360659 -0.277333345 -0.110823951 -31.020365530
-0.122045441 0.003645628 -0.992517818 91.829464286 0.275355294 0.960863967 -0.030329839 6.727110240 0.953564037 -0.276996655 -0.118272910 -31.056526112
-0.126517084 0.007519075 -0.991935931 92.010836023 0.273997854 0.961332457 -0.027660132 6.560955028 0.953372227 -0.275287796 -0.123685190 -31.282705226
-0.129316255 0.012168485 -0.991528736 92.158412059 0.272549591 0.961848761 -0.023741974 6.297338830 0.953411782 -0.273310975 -0.127699195 -31.619955671
-0.131442191 0.014162824 -0.991222662 92.244830530 0.271299972 0.962238157 -0.022227350 6.238726126 0.953477465 -0.271840292 -0.130321065 -32.088369918
-0.132965700 0.014906250 -0.991008540 92.298036846 0.270844774 0.962374700 -0.021864258 6.231809421 0.953395632 -0.271316680 -0.132000106 -32.628577667
-0.133411453 0.016550980 -0.990922524 92.342754947 0.271106423 0.962332615 -0.020426575 6.112500695 0.953258985 -0.271370600 -0.132873269 -33.228378013
-0.134476897 0.008045773 -0.990884065 92.224689753 0.272176295 0.961806423 -0.029128481 6.844567987 0.952804297 -0.273612261 -0.131530612 -34.000091929
-0.131995404 0.007719309 -0.991220271 92.156519492 0.273849971 0.961335697 -0.028980531 6.761293893 0.952671720 -0.275270939 -0.129005827 -34.880461965
-0.127576232 0.006833739 -0.991805225 92.014637318 0.274167603 0.961255274 -0.028643025 6.731309355 0.953182265 -0.275575031 -0.124506915 -35.905002077
-0.119771179 0.004030784 -0.992793341 91.710721616 0.274897387 0.961028180 -0.029261968 6.761165123 0.953984429 -0.276421036 -0.116211530 -37.294209022
-0.109050073 0.000135818 -0.994036248 91.279622269 0.274794996 0.961034243 -0.030014890 6.843883197 0.955298797 -0.276429313 -0.104838177 -38.928908932
-0.096427397 -0.004138160 -0.995331419 90.769114285 0.275005192 0.960954462 -0.030637652 6.897207964 0.956594952 -0.276675617 -0.091524322 -40.705128799
-0.080329538 -0.010560567 -0.996712416 90.057746359 0.275787609 0.960672195 -0.032405670 7.034529166 0.957856127 -0.277484067 -0.074257880 -42.812723498
-0.062008165 -0.024711780 -0.997769671 89.046670009 0.277925731 0.959725411 -0.041041724 7.679794845 0.958599121 -0.279850787 -0.052642772 -45.306287772
-0.038573088 -0.033060401 -0.998708730 87.897978427 0.280967511 0.958771785 -0.042590159 7.658884891 0.958941799 -0.282247540 -0.027693890 -48.054220289
-0.011855434 -0.041671317 -0.999061034 86.534417087 0.282482933 0.958293541 -0.043322990 7.650579969 0.959199062 -0.282731304 0.000410450 -51.026828273
0.019492725 -0.052760583 -0.998416924 84.798442448 0.281834078 0.958400550 -0.045143524 7.852684709 0.959265128 -0.280507943 0.033551569 -54.368101138
0.056525385 -0.063654014 -0.996369935 82.641017838 0.279164277 0.959167617 -0.045439951 8.033732268 0.958578211 -0.275582382 0.071987246 -58.073993132
0.096662033 -0.077372319 -0.992305384 80.100489961 0.275191731 0.960187293 -0.048061138 8.489020869 0.956517623 -0.268428549 0.114105879 -62.007930161
0.139922740 -0.091602252 -0.985916150 77.173702273 0.270772156 0.961297561 -0.050886518 8.990197562 0.952420110 -0.259838461 0.159310728 -66.065494521
0.186376406 -0.107714064 -0.976555946 73.769665230 0.267615625 0.961953074 -0.055028733 9.530322443 0.945328362 -0.251085572 0.208111323 -70.292413307
0.235890272 -0.123969586 -0.963839884 69.902656249 0.265412799 0.962338987 -0.058819384 9.998797829 0.934832512 -0.241940520 0.259909521 -74.592479697
0.284112565 -0.143610434 -0.947974733 65.757011656 0.265584990 0.961818078 -0.066110495 10.611242851 0.921273392 -0.232985038 0.311405377 -78.790291062
0.341584139 -0.154555859 -0.927055965 60.812715415 0.266385032 0.961857327 -0.062205288 10.232116645 0.901309764 -0.225705493 0.369726575 -83.227873117
0.401522746 -0.167542184 -0.900393859 55.154104722 0.270291470 0.961012516 -0.058287783 9.669157738 0.875055430 -0.219964909 0.431153607 -87.647896902
0.461299035 -0.179323140 -0.868934066 49.074836769 0.273166784 0.960494490 -0.053200025 9.070828965 0.844146378 -0.212822804 0.492060307 -91.746695972
0.514070266 -0.202586440 -0.833480951 42.777461044 0.279644916 0.958200296 -0.060422797 9.306559407 0.810882533 -0.202017147 0.549234549 -95.290487234
0.568819258 -0.218224291 -0.792983487 36.035803741 0.283662563 0.957051526 -0.059899308 9.008539613 0.771997540 -0.190867848 0.606291400 -98.554528447
0.622689917 -0.228028005 -0.748505509 29.059841073 0.282494690 0.957590854 -0.056714261 8.808423233 0.729694469 -0.176133433 0.660698869 -101.342120085
0.671818038 -0.235797322 -0.702182417 22.200847659 0.278929226 0.958730745 -0.055080355 8.886157188 0.686191672 -0.158855222 0.709863372 -103.457566834
0.715332302 -0.250863985 -0.652201624 15.133400763 0.279480888 0.958146770 -0.062009674 9.432969979 0.640460873 -0.137920367 0.755505025 -105.125774458
0.757548601 -0.258627158 -0.599359751 7.989012400 0.274727709 0.959208091 -0.066667257 10.133056994 0.592152686 -0.114157044 0.797698794 -106.325501532
0.794181050 -0.267085544 -0.545840427 1.055312695 0.272796958 0.959335848 -0.072502073 10.771063629 0.543008545 -0.091323836 0.834746475 -107.044974517
0.826176872 -0.272139552 -0.493327316 -5.512909088 0.269646247 0.959804185 -0.077889846 11.438931685 0.494694531 -0.068673070 0.866349428 -107.304641530
0.850830482 -0.282941466 -0.442754579 -11.644046560 0.274028623 0.957908431 -0.085555547 11.835663352 0.448325556 -0.048534160 0.892551753 -107.227759274
0.871140826 -0.288852174 -0.397086997 -17.014468869 0.276426217 0.956848576 -0.089606633 12.060635826 0.405835198 -0.031705260 0.913396173 -106.945833950
0.885623008 -0.296597068 -0.357354260 -21.574072576 0.281799161 0.954845248 -0.094126427 12.158029457 0.369135639 -0.017341601 0.929213726 -106.547210471
0.897385054 -0.300753247 -0.322873892 -25.443958761 0.285915187 0.953666215 -0.093665658 11.868845046 0.336084173 -0.008260387 0.941795729 -106.179558339
0.907006193 -0.302890222 -0.292570128 -28.796401766 0.288032101 0.953025180 -0.093704403 11.743447248 0.307208847 0.000720886 0.951641847 -105.799436385
0.916172655 -0.295165182 -0.271118390 -31.145016681 0.280578250 0.955410809 -0.092011042 12.069986514 0.286187896 0.008228077 0.958138188 -105.529019142
0.918748703 -0.300959373 -0.255586142 -32.861888203 0.286305093 0.953550093 -0.093656898 11.794345194 0.271901111 0.012871539 0.962239112 -105.479297006
0.920869550 -0.305250017 -0.242531852 -34.278722937 0.290838664 0.952136315 -0.094070764 11.554926068 0.259638486 0.016089262 0.965571847 -105.559031953
0.921591693 -0.311029130 -0.232227544 -35.395751681 0.296638899 0.950209139 -0.095435606 11.321434564 0.250347989 0.019064939 0.967968188 -105.727523677
0.921146235 -0.317155764 -0.225614350 -36.101765461 0.303078679 0.948171757 -0.095465357 10.927010192 0.244198543 0.019558655 0.969527994 -106.039220876
0.919998662 -0.322647061 -0.222488955 -36.428459887 0.309362184 0.946368629 -0.093174339 10.326234855 0.240618994 0.016890598 0.970472672 -106.515807863
0.920030081 -0.323010290 -0.221831023 -36.492968953 0.310333445 0.946281310 -0.090801073 10.050194476 0.239244232 0.014698133 0.970848167 -107.039295958
0.920360613 -0.320324315 -0.224340536 -36.227548176 0.308623055 0.947252117 -0.086401602 9.742226658 0.240183582 0.010283969 0.970673007 -107.742840379
0.917485372 -0.325897706 -0.228059809 -35.831604318 0.315436672 0.945399377 -0.081973918 8.826792803 0.242322713 0.003271444 0.970190188 -108.488826835
0.916462685 -0.325391777 -0.232844021 -35.278304822 0.316081444 0.945575352 -0.077328997 8.335271426 0.245333786 -0.002728534 0.969434829 -109.296641681
0.913613249 -0.331203552 -0.235828411 -34.954122584 0.321540254 0.943553871 -0.079485577 8.193783820 0.248842715 -0.003209251 0.968538592 -109.987143358
0.911106792 -0.334335024 -0.241048761 -34.344720226 0.323505355 0.942453681 -0.084411751 8.556898952 0.255399097 -0.001072445 0.966835121 -110.767436512
0.910955676 -0.331405485 -0.245621987 -33.823930951 0.319272050 0.943484964 -0.088890275 9.278938241 0.261199377 0.002554865 0.965281492 -111.471519872
0.911145919 -0.328212528 -0.249177951 -33.434162961 0.314646433 0.944578563 -0.093642731 10.055541554 0.266102869 0.006919239 0.963919803 -112.164722054
0.907662642 -0.335456937 -0.252224448 -33.073078679 0.320400971 0.942004340 -0.099855106 10.256321201 0.271093613 0.009821791 0.962502876 -112.878228745
0.908366598 -0.330944389 -0.255628511 -32.679408817 0.315880855 0.943604291 -0.099147502 10.479538633 0.274024469 0.009314126 0.961677616 -113.626739399
0.909707304 -0.326808297 -0.256181493 -32.625108906 0.312695162 0.945068155 -0.095225618 10.302837900 0.273229493 0.006520727 0.961926777 -114.308437968
0.910483773 -0.324531327 -0.256317610 -32.609989205 0.312419172 0.945874942 -0.087834245 9.574290091 0.270949369 -0.000106881 0.962593595 -115.057835505
0.910239063 -0.325587250 -0.255847202 -32.651840358 0.315127573 0.945493500 -0.082077120 8.814776578 0.268625130 -0.005914707 0.963226638 -115.783021644
0.907669894 -0.335332730 -0.252363474 -33.060063024 0.325689573 0.942054443 -0.080372437 7.912442582 0.264691641 -0.009240511 0.964288830 -116.443857608
0.908605774 -0.334703077 -0.249818728 -33.364296398 0.324031111 0.942312172 -0.083973869 8.390383930 0.263513541 -0.004649898 0.964644490 -117.038664289
0.909755994 -0.332596641 -0.248442158 -33.532138258 0.319915512 0.943063296 -0.091025734 9.398070770 0.264571534 0.003330707 0.964360311 -117.645217604
0.909989525 -0.334051409 -0.245619058 -33.866793077 0.319782722 0.942503895 -0.097084595 10.050631537 0.263928164 0.009801233 0.964492540 -118.236028401
0.909406112 -0.337216456 -0.243445240 -34.109134686 0.323023063 0.941375606 -0.097304009 9.874067844 0.261985924 0.009850433 0.965021422 -118.910816342
0.908679549 -0.341200730 -0.240589980 -34.462102877 0.328152396 0.939970307 -0.093658034 9.150504579 0.258103627 0.006154961 0.966097632 -119.646575614
0.909579264 -0.341044504 -0.237390415 -34.838439167 0.329484984 0.940045270 -0.088059846 8.460411519 0.253190063 0.001880833 0.967414727 -120.323252505
0.906423274 -0.352379306 -0.232864067 -35.379793748 0.341303536 0.935857267 -0.087653134 7.597717808 0.248814680 -0.000026489 0.968551111 -121.009556102
0.907923879 -0.350832955 -0.229326115 -35.815552331 0.339413222 0.936433836 -0.088827565 7.858678100 0.245912371 0.002812352 0.969287984 -121.665777427
0.910203524 -0.347040002 -0.226037125 -36.248658726 0.335238552 0.937830581 -0.089938391 8.268309703 0.243196747 0.006085882 0.969957888 -122.315222109
0.910862147 -0.346291645 -0.224526716 -36.422932650 0.333755362 0.938077580 -0.092832173 8.706372310 0.242770484 0.009620317 0.970036052 -123.025171158
0.912294028 -0.342924687 -0.223880024 -36.504347663 0.329994134 0.939287384 -0.094037664 9.094907561 0.242535518 0.011910904 0.970069406 -123.799739296
0.914348098 -0.337202781 -0.224191526 -36.473362122 0.324117104 0.941338757 -0.093965146 9.495355266 0.242725481 0.013252544 0.970004490 -124.567587257
0.907719413 -0.355420869 -0.222983124 -36.582554492 0.341144486 0.934577138 -0.100925782 9.096015679 0.244266059 0.015542828 0.969583680 -125.388438183
0.906135332 -0.359625950 -0.222683490 -36.602132788 0.345802880 0.933002044 -0.099637109 8.637919015 0.243596242 0.013280112 0.969785806 -126.250904541
0.904241172 -0.364405955 -0.222612225 -36.580143569 0.351150625 0.931182182 -0.097943767 8.097833888 0.242983830 0.010394364 0.969974647 -127.112617443
0.900586048 -0.373037595 -0.223131629 -36.430707559 0.359760454 0.927773342 -0.099040603 7.649953332 0.243961445 0.008920649 0.969743902 -128.013613243
0.897617829 -0.379011103 -0.225017371 -36.140371206 0.365368370 0.925352454 -0.101137483 7.507846992 0.246552605 0.008568578 0.969091529 -128.943084660
0.896058041 -0.381191951 -0.227536115 -35.780617179 0.366896431 0.924446290 -0.103855985 7.731232900 0.249933983 0.009578802 0.968215498 -129.883091140
0.888445387 -0.397216141 -0.229965500 -35.335639064 0.382284502 0.917688316 -0.108197572 7.138868802 0.254014475 0.008215387 0.967165526 -130.882570594
0.888770902 -0.395277102 -0.232039430 -35.069645385 0.381068551 0.918548158 -0.105147706 6.874550822 0.254701871 0.005029292 0.967006548 -131.816065174
0.890705173 -0.389734246 -0.233990411 -34.847088273 0.375277534 0.920907744 -0.105336128 7.313066644 0.256536678 0.006012090 0.966515798 -132.709059470
0.893371128 -0.382951176 -0.235024308 -34.766283685 0.368949011 0.923754693 -0.102732146 7.477262655 0.256446204 0.005065947 0.966545229 -133.568899097
0.886604121 -0.397375928 -0.236697072 -34.406921955 0.382659502 0.917644870 -0.107236181 7.025374105 0.259816931 0.004501656 0.965647398 -134.546581227
0.884773244 -0.400632253 -0.238054835 -34.177427009 0.385065293 0.916216976 -0.110775330 7.287451713 0.262490051 0.006344393 0.964913842 -135.447053616
0.883130318 -0.403923953 -0.238592293 -34.060325179 0.386739855 0.914724790 -0.117093312 7.943670605 0.265543079 0.011135505 0.964034685 -136.314768733
0.881114851 -0.408115371 -0.238910993 -33.958644211 0.389704196 0.912816164 -0.122054459 8.345105189 0.267894117 0.014439380 0.963340151 -137.181421220
0.881833628 -0.405606689 -0.240525812 -33.750779408 0.389017768 0.914013419 -0.115085389 7.553033369 0.266523224 0.007917352 0.963795978 -138.117163695
